   1.0000000e+00   1.3606134e+00   2.3043253e-01   6.5854830e-01  -8.0730497e-01  -7.6236751e-02   2.5294180e-01   1.9395613e-01  -1.5532619e+00   7.6033369e-01   4.0276564e-04
   1.0000000e+00  -5.4329512e-01   5.5053151e-01  -9.4299128e-01  -1.8078440e-01   6.8069053e-01  -2.5261277e-01   2.5841959e-02  -4.4555204e-01  -6.6280620e-01   3.8925568e-01
   2.0000000e+00   9.8360982e-02   1.9496199e-01  -9.6083783e-03   2.8988885e+00  -2.1590523e-01   9.4497844e-02   6.4411349e-01  -2.5693768e-01   8.1301857e-01  -4.3010959e-02
   2.0000000e+00  -5.1832127e-01  -1.8437944e+00   8.9266659e-01   1.4859139e+00   3.0181835e-01  -9.5295325e-02   3.2716602e-01   4.9540480e-01   5.6920801e-01   1.4340512e+00
   2.0000000e+00  -6.2238667e-01   1.4452548e+00  -7.5903525e-02  -2.0236490e+00  -1.5629375e+00  -1.6134660e+00   1.3562677e+00   7.4961374e-01   9.9226899e-01  -9.6739518e-01
   2.0000000e+00  -2.5678083e-01   3.7787619e-01   1.4887052e-02   1.8755866e-01   3.0379486e-01  -1.0769190e+00   2.7542752e-01   1.4783969e+00   9.9742970e-02  -4.1637473e-01
   2.0000000e+00   1.7800551e+00   4.3489582e-01  -6.3784059e-01  -1.6952367e-01  -1.8714031e+00  -3.7556611e-01   1.0837141e+00  -1.8220914e-02   2.5311310e+00   1.8031122e+00
   2.0000000e+00   5.3421005e-01  -1.0423579e+00   4.4340927e-01   6.9592361e-01   1.6900003e-01   1.1666066e+00  -1.3242188e+00  -6.9517910e-01  -3.8300971e-02  -7.6772510e-01
   2.0000000e+00   3.6705371e-01   5.9088840e-02   7.4690693e-01   7.9386591e-01   1.8357085e-01   3.2421010e-01   1.1752852e-01   2.2325949e-01  -7.3893441e-01   5.7850963e-01
   2.0000000e+00   3.2432335e-01   7.7877767e-01  -2.1465304e+00   5.5831349e-01   5.2644656e-01  -3.0030629e-01   1.4932814e+00  -3.7876047e-03  -7.8941973e-01  -1.5616101e+00
   1.0000000e+00   7.1482992e-01   1.4577481e+00  -7.3989222e-01   1.8210262e+00  -1.9290431e-01  -3.0898409e-01   1.3506451e+00   1.0233883e+00  -1.6809508e-01   3.8923005e-01
   2.0000000e+00  -3.7391022e-01  -3.7753628e-01  -3.8526773e-01  -1.8061699e-01   1.0292968e+00  -1.1896885e+00   1.2141860e+00   1.0856795e+00   1.1083157e-01  -2.4233602e-01
   2.0000000e+00  -5.3528401e-01   5.1691585e-01  -1.3348219e+00   1.0254345e-01   2.1257014e+00  -3.4575310e-01   1.4665230e+00   9.0930583e-01  -6.3309037e-01   7.7745024e-01
   2.0000000e+00  -7.5408394e-03  -1.6105036e-01  -7.5396011e-01   1.9967027e-01   1.9032297e+00  -1.4675116e+00  -3.5524332e-01   9.8830258e-01   2.3897548e-02  -3.2428960e-01
   2.0000000e+00   3.9031375e-01  -8.5864122e-01   1.2898776e+00  -2.0479446e+00  -8.3208605e-01  -5.0171065e-01  -1.6681501e-01  -2.7105370e-01  -9.2771637e-01   5.2903425e-01
   2.0000000e+00   2.3270418e-01   2.1020799e-01  -1.3138920e+00  -1.3935308e+00   4.0449914e-01   2.0422441e+00   1.8929145e-01  -2.5720895e+00  -2.0887489e-01  -2.2978434e+00
   1.0000000e+00  -8.0253428e-03  -9.3171918e-01   1.6317186e+00   7.6400086e-01  -7.2890467e-01   4.2712197e-01  -3.1074884e-01   2.1503637e+00   2.0895128e-01   3.2982928e-01
   2.0000000e+00  -4.3867852e-01   1.0035183e+00  -3.8644265e-02   1.1863403e+00   3.6337020e-02  -1.6131977e+00   3.2631518e-02  -9.6099337e-01  -2.3439347e-01  -2.1919358e+00
   2.0000000e+00  -1.3165609e-01  -5.9784183e-01   4.2505674e-01  -3.3052010e+00   1.8519608e+00  -7.9849330e-02  -1.1411945e+00   6.7283104e-01   1.8988714e-01  -9.0451883e-01
   2.0000000e+00  -6.2734664e-01  -7.1165678e-01   2.8804100e-01  -2.5283635e+00   2.2168112e-01   9.1376626e-01  -1.6785342e+00   1.3725421e+00   1.9704475e+00  -1.9807968e+00
   2.0000000e+00  -3.0669813e-01  -9.4748535e-01   1.3321623e+00   1.0448386e-01   2.8789977e-01   2.9824911e-01   6.3399946e-01  -9.9515874e-02  -1.9896926e-01   1.1923376e+00
   2.0000000e+00  -3.7525604e-01  -4.8509119e-01   8.8560686e-01  -9.0048400e-01  -5.0450113e-01  -1.3654707e+00   1.0497979e-02  -1.3070546e-01   7.7658285e-01  -6.7344109e-02
   2.0000000e+00   7.5843299e-01  -7.9443512e-01  -9.9509584e-01  -2.6363810e-01  -1.5156715e-01   3.6465688e-01  -4.6776974e-01  -1.8418909e+00   1.2014987e+00   3.8050175e-01
   2.0000000e+00   2.2493661e+00   3.8475074e-01   6.4370718e-01   1.2509568e+00   1.1860251e+00  -9.2191196e-01  -5.8605066e-01  -2.0053990e-01  -1.0778518e+00   1.0619736e+00
   1.0000000e+00   7.4058794e-01  -2.3531463e-01  -8.1691041e-01  -6.2973138e-01  -8.3057870e-01   3.6093930e-01   1.2784742e+00   1.4561141e+00  -1.7781039e-01   2.7323552e-01
   2.0000000e+00  -4.0664283e-01  -7.3043751e-01   3.4273690e-01  -9.7816238e-01  -8.0532123e-01  -4.0100628e-01   6.5232753e-01  -5.3524627e-01  -6.1429911e-01  -1.2828876e-01
   2.0000000e+00  -2.7086989e-05   1.1917154e+00   2.0993866e+00   2.2178912e+00  -9.4789008e-01   1.4383408e-01   1.0930360e+00  -1.2015233e+00  -2.4120242e+00  -3.1548794e-01
   2.0000000e+00   1.2085158e-01   9.8154238e-01   1.4601601e+00   1.1174621e+00   5.1389344e-01  -3.4605218e-01  -3.2011090e-01   5.8117443e-01   1.1464980e+00   1.1344760e-01
   2.0000000e+00   8.4041573e-01  -7.9674490e-01  -3.2788987e-01  -7.9077616e-01   8.9067863e-01  -1.3817372e-02   5.8596015e-02  -1.2393623e+00   1.1535812e+00   1.4754962e+00
   2.0000000e+00   8.1140679e-01   2.9371223e-01  -6.1018816e-01  -1.9847398e-01   9.3454358e-01   1.4812343e+00   9.5982388e-01   5.9894178e-01   1.4594577e+00   6.6051341e-01
   2.0000000e+00   8.0848344e-01   1.8086895e-01   2.6144264e+00   1.2648496e+00   9.5323998e-02   5.2025185e-01   2.1260931e+00  -2.3428055e+00   1.2260075e+00   2.5844928e-01
   2.0000000e+00   1.2736156e+00  -2.0174090e-01  -2.3952967e-01  -5.1311541e-01   3.7661121e-01  -2.2781249e-01   4.7367627e-01  -3.6605150e-01  -1.7323121e+00   2.2180148e+00
   2.0000000e+00  -1.1363144e+00  -1.1960070e+00  -6.3466899e-01  -1.1459664e+00  -6.6210908e-02   8.5461628e-01   4.5952920e-01  -5.9478631e-01  -1.6136638e+00  -2.1509990e-01
   2.0000000e+00   5.5041484e-01   7.7609824e-01  -5.1085604e-01   3.7083195e-01   1.2895992e-01  -7.9524968e-01   4.7147828e-01   4.2536066e-01  -3.6200352e-01  -3.4972093e-01
   1.0000000e+00   6.0561998e-01  -9.6802763e-01  -2.2557955e-01  -3.1301361e-01  -1.4695541e+00   2.1071289e+00  -1.0946645e+00  -9.3860557e-01  -7.4761198e-01   4.1753988e-01
   2.0000000e+00  -9.1779046e-02  -1.5860151e+00  -3.0026830e+00  -5.7250557e-01  -4.1505380e-01   5.6428790e-02  -5.2955742e-01   5.6295002e-01   6.8101085e-01  -1.3794540e-01
   2.0000000e+00  -1.0356016e+00  -1.3969778e+00  -7.7260787e-01  -2.0575192e+00  -8.2177428e-01  -8.2269955e-02   1.3578785e+00   6.3021973e-01  -9.2584264e-02  -1.4318706e+00
   2.0000000e+00   1.1707438e+00  -1.5575907e+00  -1.6011318e+00  -1.3080910e-01  -3.7165198e-01  -2.9761430e-01  -7.2301087e-01  -9.8239809e-01   7.1181837e-01  -8.1739517e-02
   1.0000000e+00  -2.2820605e-01  -3.7577365e-01  -2.6571578e-01  -7.9002472e-01   2.8889523e-01   7.9629804e-01  -1.0209080e-01  -6.9209546e-01  -3.7080820e-01   2.3814140e-01
   2.0000000e+00   8.6430906e-01   1.0265398e+00  -2.5690422e+00  -7.5340082e-01  -8.4373509e-01  -2.3990427e-01  -1.1995856e+00   1.8859070e+00  -1.8555290e+00  -2.3908645e-01
   2.0000000e+00  -9.6710601e-01  -1.0420547e+00  -3.7641500e-01   4.5604042e-02   1.0187679e+00   1.2791346e+00   4.1829978e-01   5.6436316e-01   1.7346609e+00   2.2098227e-01
   2.0000000e+00   1.6744422e-01   1.5999136e+00  -2.8711300e-03   1.0657938e+00  -3.1092018e-01  -2.1825210e+00   2.3930209e-01   9.1180958e-01   1.2250298e+00   1.2834096e+00
   2.0000000e+00  -7.2783098e-01  -6.5153093e-01   1.1964363e+00   3.1223117e-02   1.4645967e+00   2.2043367e+00   2.6276746e-01  -7.0627612e-01   9.7552074e-01   1.5727505e-02
   2.0000000e+00   3.0037513e-01  -1.7941055e+00  -2.1962620e-01   5.9489282e-01   3.3274356e-01   9.9570392e-01  -1.0698252e-01   3.1540921e-01   7.9838713e-02  -4.4998684e-01
   2.0000000e+00   1.7672891e+00   5.0444328e-01  -8.1335033e-01   3.2100231e-01  -2.6370458e+00   1.1934662e+00   1.3419862e+00  -4.0100081e-01  -4.6735349e-01  -4.6177805e-01
   2.0000000e+00   9.8539287e-02  -3.0972755e-01   8.1913587e-01   1.8735138e+00  -2.9661524e-01   4.6147614e-01   1.2789482e+00  -6.1103477e-02   5.5970504e-01  -1.1903615e+00
   2.0000000e+00   1.1516624e+00   1.2493858e-01   2.0437032e+00  -3.7344703e-01   2.7103139e-01  -7.9108459e-01   5.1440557e-01  -7.1619176e-01   7.0882299e-01   1.5592122e+00
   1.0000000e+00  -1.8741846e-01   9.7618230e-01  -3.8265776e-01   1.1457810e+00   1.0716494e+00   3.0680590e-01  -1.2668730e+00  -4.3733151e-01   6.6271592e-01   3.9537063e-01
   2.0000000e+00  -7.2582488e-01   6.0312617e-01  -1.9294928e-01  -4.3159396e-01   2.0326009e-01  -1.1298803e+00  -9.4929174e-01   5.5012577e-01  -7.6739056e-01  -6.7335820e-01
   2.0000000e+00  -2.4072671e-01  -1.3138346e+00   4.6063703e-01   3.0492991e-01   9.8066119e-01  -1.0611553e+00  -2.3756223e-01   1.8202602e-01   1.1067580e+00   1.4301548e+00
   2.0000000e+00   1.8678935e+00  -1.6134708e+00  -3.9050361e-01   5.5582554e-01   2.3872526e-01  -1.2376256e+00  -3.3418891e-01  -1.5211612e+00   1.5947907e-01  -1.3326645e-01
   2.0000000e+00  -7.3080159e-01  -1.7404989e-01   2.1565373e-01   1.1903567e+00  -1.4945590e-01  -4.8899434e-01  -6.8383750e-01   1.8361505e+00  -1.8087987e+00  -1.0383516e+00
   2.0000000e+00   6.3262161e-01  -1.2893897e+00  -5.1401025e-01  -5.2267375e-01  -7.3648582e-01   2.0377687e-01  -1.7248991e-01   5.4640957e-01   1.2670809e+00   8.7456427e-01
   2.0000000e+00  -5.3501060e-01  -1.1569775e+00   3.1593931e-01  -1.3624322e-01  -3.4634490e-01   5.0335207e-01   1.8117916e+00  -1.6980699e+00  -3.4238086e-01   8.8597421e-01
   2.0000000e+00  -9.2879803e-01  -6.3440960e-01  -1.0869419e+00   3.3534792e-01  -1.1480804e+00   9.5885239e-01  -5.9466442e-01  -1.6134123e+00   9.9866291e-01   1.4533273e-01
   2.0000000e+00  -7.1585687e-01   6.4872309e-01  -1.2480438e+00   2.3511088e-01  -3.5790841e-02  -5.7992915e-01  -1.8808643e-03   2.0138833e+00  -1.1953597e-01   1.3999129e+00
   2.0000000e+00  -3.7199250e-01   7.5816843e-01  -2.5831704e-01  -3.4263967e-01  -6.5862463e-01  -1.4170695e+00  -1.4207065e+00   1.6172706e+00   1.0334046e+00  -8.1691146e-01
   1.0000000e+00  -1.4540929e-01  -1.4566294e+00  -1.8568771e+00  -9.0303962e-01   2.7323353e-02  -7.1729119e-01   2.8647636e-01  -4.2339470e-01  -1.5247615e-01   2.0709516e-01
   2.0000000e+00  -1.5921629e-01  -6.7472586e-01   2.1262682e-01   5.2110941e-01  -4.9771230e-01  -2.1607494e-01  -2.5724677e-01  -8.0666090e-01  -1.0080307e+00  -7.1971449e-01
   2.0000000e+00   1.6529902e+00  -1.5218631e-01   1.2162399e+00   3.6518944e-01   1.1777375e+00  -2.1839452e-01  -1.7513113e+00   2.4114912e+00  -1.4148877e+00  -9.7632868e-01
   2.0000000e+00  -1.6256767e-01   5.3723796e-01  -6.1930002e-02  -2.1210941e-01  -8.6349823e-01   1.0649110e+00   6.5901845e-01  -4.3255160e-01   3.1154506e-01  -8.0119028e-01
   2.0000000e+00   1.2545084e+00   1.3038550e-01  -5.4327501e-01  -1.7231295e+00  -1.3452553e+00   1.6958107e+00  -2.5168543e+00   1.3952193e-01  -1.7296715e+00   1.5177751e-01
   2.0000000e+00  -8.5816823e-01   1.2762687e+00  -1.4278726e+00  -4.1167864e-01  -1.8913565e+00   1.4333181e+00  -1.3940262e+00  -2.7546962e-01  -5.5390404e-01  -2.1434768e+00
   1.0000000e+00   2.6485971e+00   1.9215827e+00   1.9461259e+00   1.2524619e+00  -7.7417504e-01   4.9186405e-04  -1.0527246e-01   6.5527054e-01   5.2288520e-01   6.8477135e-01
   2.0000000e+00   1.2379185e+00  -1.3607707e+00  -1.0205023e+00   4.6808100e-01  -5.2086513e-01  -2.7714436e-01   1.1884340e+00   6.4571039e-01   1.5796727e+00   4.3614943e-01
   2.0000000e+00   1.4774936e-01   3.6784011e-01  -6.4672511e-01   1.9313805e+00   9.7880574e-01   6.6984938e-02  -1.6071756e+00   2.8307843e-01   1.2192881e+00  -7.1878670e-01
   1.0000000e+00  -4.1203166e-01  -6.3282822e-01  -4.5975404e-02   1.6686143e+00   7.4650087e-01  -1.1997291e+00  -7.0802382e-03  -9.1275762e-01   8.3349072e-01   3.9956161e-02
   2.0000000e+00   7.6531142e-01   1.4436860e+00   3.4488189e-01  -5.0890209e-01   4.9924374e-01  -7.5535398e-01   6.8864009e-01  -2.7517614e-01   6.6728348e-01   1.7845565e+00
   2.0000000e+00   2.3654520e+00  -8.5637442e-02   5.7372835e-01   1.2632441e+00   1.2846401e+00  -4.6140489e-01   2.5882033e+00   6.8128997e-01   1.1495264e+00  -3.9477811e-01
   2.0000000e+00  -1.0769587e+00   5.7909296e-01  -2.2054025e+00   6.5762218e-01  -8.3400646e-01   9.8054906e-01  -5.8773380e-01   3.8512810e-01  -8.7580567e-01   1.2196081e+00
   2.0000000e+00   5.8198822e-01   1.6025391e+00  -1.5070458e+00  -2.8638601e-01   5.6267905e-02   9.9170912e-02  -1.3226373e+00   5.5960280e-01  -9.1574153e-01   1.9909952e-02
   2.0000000e+00   1.6642640e-01   3.8105980e-01   1.1833516e+00   8.9129473e-01  -7.9286857e-01  -1.4606309e+00   1.8023816e+00   2.3233177e+00   1.2457518e+00  -3.3664410e-01
   2.0000000e+00   3.3913249e-01  -5.2511165e-01   1.9912086e+00  -1.2460733e+00  -7.7258971e-01   1.2389209e+00  -1.5818208e+00   1.1436126e+00   8.2106656e-01   1.1527293e+00
   2.0000000e+00   1.6274133e+00   1.6460559e+00   8.1505755e-01  -4.7886645e-01   9.4981566e-01  -3.3347028e-01  -7.3791732e-01  -5.5311117e-01  -2.5865335e-01  -1.5059404e+00
   2.0000000e+00  -1.5714908e-01   1.4920825e-01  -2.2414803e-02   2.3448940e-01  -7.1907718e-01  -1.0579472e+00   1.1052650e+00   1.5069892e+00  -4.1558398e-02  -1.5569634e+00
   2.0000000e+00   1.7363714e-01   4.9344731e-01  -1.1541825e+00  -1.3824092e+00  -6.8308356e-01   6.5669149e-02   6.5938759e-01  -1.5377754e-01   1.0639556e+00  -5.5708917e-01
   1.0000000e+00  -2.9878076e-01  -1.1606821e+00  -3.6131901e-01   6.1003495e-01  -1.4264074e+00  -5.8729340e-01  -4.3741202e-01  -9.3811815e-01   5.7249124e-02   7.1342649e-01
   2.0000000e+00  -4.7330652e-01   1.5344811e+00   2.6667949e-01  -3.7857877e-01   6.9889500e-01   9.6770804e-01  -2.5505665e-01   9.1180530e-01   7.8247914e-01   8.5311343e-01
   2.0000000e+00   1.0149770e+00   1.8569415e-01   2.5084136e-01  -6.5210998e-01  -1.7503646e-01   2.4215258e-01  -2.3287970e+00  -1.9837746e+00   1.2437368e+00   1.0184947e-01
   2.0000000e+00  -1.2580840e+00  -1.6135070e+00  -5.7106000e-01   2.1755236e-01   1.2407412e+00  -2.0488167e+00  -1.5748070e-01  -8.8732573e-01  -5.8983152e-01  -7.1567463e-01
   1.0000000e+00  -5.9137685e-01  -2.2094734e+00  -3.1051165e-01   1.0024694e+00   9.9124347e-01   1.5424336e-02  -2.0249468e+00  -3.7785704e-01   4.4164404e-01   6.1329540e-01
   2.0000000e+00   1.6710144e+00  -1.6149691e+00  -5.8229054e-01  -5.8109995e-01  -2.1769148e-01  -4.2169364e-01  -1.2805847e+00   1.1051201e-01   1.1975786e+00  -2.2064279e-01
   2.0000000e+00  -1.1971625e-02  -1.0973457e-01   3.6812269e-01  -1.0895045e-01  -3.3162150e+00   1.5628963e+00   4.0644576e-01  -4.5805158e-01  -3.7691130e-01   6.1061909e-01
   2.0000000e+00   1.6861851e+00  -1.0068262e+00   9.6297283e-01   5.3679912e-01   5.7477943e-01   5.8405183e-01  -6.4068917e-01  -6.8792915e-01  -1.2977241e+00  -7.0923365e-01
   2.0000000e+00   6.9012457e-01  -1.0523923e+00   1.0036924e-01   1.7858703e-01   9.7151278e-01   6.0024712e-02  -1.0704570e+00  -1.7147093e-01  -6.5272055e-01  -6.0388378e-01
   2.0000000e+00   9.6512795e-01   1.5315344e+00   4.9554355e-01   1.7260022e-01  -1.5011711e+00  -1.1817705e+00   5.7148737e-01   2.6036372e-01  -1.4831937e+00   7.9355224e-01
   2.0000000e+00  -9.7066597e-02  -4.4117711e-01   9.3330223e-01   7.7794931e-01   1.1632686e+00  -9.3528924e-01  -3.9359694e-01   5.8745141e-01   1.3265727e+00   6.3176814e-01
   2.0000000e+00  -1.0264015e+00   1.1587261e+00   1.4959304e+00   1.2992058e+00  -2.0718489e+00  -9.0866055e-01   3.7431437e-02  -3.6873512e-01   5.0091245e-01   7.4600510e-01
   2.0000000e+00  -6.7565245e-01   2.0672557e+00  -2.1091667e+00  -7.7576687e-02  -7.6177055e-01  -7.9338809e-01  -7.4922412e-01   1.4405368e+00   6.2692862e-01   6.8895494e-01
   1.0000000e+00   1.3410245e+00  -8.2212726e-01  -1.9039509e+00   8.0312485e-02  -5.7641194e-02  -4.5293640e-01  -9.8802171e-02  -8.5012160e-01  -8.1491505e-02   3.0256929e-01
   1.0000000e+00  -5.5960016e-01  -7.1416047e-01   2.5895174e-01   1.2498965e+00  -1.7819495e+00  -6.6124475e-01  -2.2071887e-01   1.8559639e+00  -4.1262142e-01   4.7027706e-01
   2.0000000e+00  -3.3870066e-01   9.5791987e-02   1.0737116e+00   5.7927068e-02  -9.7368411e-01   8.4235010e-01  -7.7479435e-01  -3.1077183e-01   1.2481326e-01  -3.2201610e-01
   2.0000000e+00   1.4840583e+00   1.0128217e+00  -3.5102774e-01  -9.2506366e-01   3.9523899e-01  -2.0101972e-01   2.2176966e-01  -3.0377928e-01   1.7652901e-01   1.9376383e+00
   2.0000000e+00  -9.7507615e-01  -4.7802459e-01  -1.4541671e+00  -5.6201721e-01  -3.5202331e-01  -1.7409156e+00  -1.7449811e+00  -3.0076199e-02  -5.7793604e-01   2.1493956e+00
   2.0000000e+00  -1.7126529e+00   1.3498230e+00   6.8217595e-01  -1.1803581e+00  -1.1283153e+00  -9.9712744e-02   1.3792077e+00  -4.4753748e-01  -2.9301357e-01  -9.6638319e-01
   2.0000000e+00  -4.0425924e-01  -8.5175656e-01  -9.3213515e-01  -3.8461598e-01   1.7259631e+00  -3.1348619e-01   6.6862296e-01   3.4213509e-02   1.1185463e-01   1.1257380e+00
   2.0000000e+00  -8.4391587e-01   9.4183307e-01  -4.1944357e-02   2.0072470e-01   1.2708407e+00   4.3616333e-02  -3.3008964e-01   1.0208574e+00   8.5986938e-01   3.5840284e-01
   2.0000000e+00  -8.4483916e-01   1.2929947e+00   3.0081651e+00  -1.4935456e+00  -9.2747853e-03   3.8042221e-01   1.6490864e+00   1.0285207e+00   1.2468711e+00  -3.7603310e-01
   2.0000000e+00   5.8785951e-02   4.8304905e-01   4.2632103e-01   1.3777555e-01   1.6566931e-01   3.1020394e-01   1.1513025e+00   3.9974825e-01   7.9766203e-01  -3.5799380e-01
   2.0000000e+00  -1.9260211e+00  -3.4163080e-01   1.8210832e+00  -4.9483547e-01  -6.2221130e-01   7.4703481e-01  -7.3376662e-01  -2.0996596e+00   4.4774555e-01  -1.5292515e+00
